10006138
10006142
10006153
10006181
10006185
10006201
10008114
10008974
10008979
10015905
10016857
10016878
10022330
10022765
10022853
10027058
10031024
10033810
10033811
10033812
10033816
10035372
10035428
10035480
10035486
10035492
10036353
10036571
10038902
10040192
10040220
10040342
10040344
10040373
10044139
10045116
10045754
10045870
10047350
10048408
10048560
10051082
10051085
10052747
10052884
10054825
10054836
10054982
10054993
10057000
10057052
10057055
10057071
10057293
10057325
10059435
10059561
10061673
10061676
10061692
10061695
10061813
10061816
10061832
10061835
10062433
10062474
10064714
10064853
10069537
10069696
10069698
10069702
10069755
10069757
10069919
10069937
10071015
10071025
10071608
10071649
10071652
10071727
10071912
10071929
10071943
10071946
10074311
10074314
10074334
10074353
10075278
10075328
10075642
10075643
10075646
10075647
10075648
10075649
10076856
10077477
10077521
10077551
10078194
10078211
10079388
10079391
10079394
10079397
10079400
10080200
10080201
10081509
10081511
10081974
10082003
10082007
10083719
10083833
10083849
10083851
10084327
10084499
10085596
10085636
10085689
10085732
10085734
10087040
10087089
10087092
10087095
10087098
10087181
10087198
10088279
10088284
10088581
10088614
10088680
10088702
10088832
10090627
10090665
10092502
10092505
10093317
10093320
10093326
10093373
10093387
10093390
10093395
10093417
10094744
10094776
10094784
10094831
10094835
10094852
10096112
10096306
10096986
10099204
10099208
10099273
10099277
10099441
10099477
10099653
10099722
10101121
10101124
10101126
10101156
10101158
10101160
10101213
10101270
10101371
10101378
10102363
10102583
10102625
10102764
10105323
10105353
10105787
10106864
10107096
10107107
10107133
10108579
10109302
10109304
10109306
10109354
10109612
10109619
10109685
10109883
10111935
10111967
10113392
10113393
10114608
10114845
10114846
10114988
10116204
10117355
10117485
10118398
10120803
10120806
10124295
10124354
10124356
10124594
10124595
10124649
10124650
10124823
10125561
10126058
10126094
10126099
10128046
10128047
10128087
10128140
10128144
10128152
10128153
10128889
10128898
10128929
10128930
10128939
10130771
10130931
10130932
10130933
10130941
10130954
10130955
10132744
10132758
10133842
10133875
10134003
10134045
10134116
10137024
10137491
10137492
10137506
10137508
10138382
10139976
10140042
10140286
10140288
10140308
10140392
10141350
10141364
10141531
10141952
10141960
10142001
10142018
10142076
10142084
10142092
10143642
10143765
10144006
10144012
10144457
10144556
10145064
10145065
10145079
10148908
10148909
10148910
10148911
10150531
10151819
10151854
10151855
10151866
10151874
10151912
10151942
10152407
10152433
10152869
10154953
10158340
10158366
10158454
10158471
10160220
10160228
10160234
10160241
10160281
10160317
10160379
10160393
10162886
10163289
10163297
10163317
10163318
10163342
10163349
10163350
10163414
10163418
10163864
10165470
10167584
10169044
10171167
10172241
10173135
10173295
10173433
10173578
10173596
10173754
10174909
10174983
10174995
10175012
10175454
10175466
10175469
10175490
10175491
10177113
10177127
10177169
10179407
10179409
10179412
10179441
10179548
10179796
10179811
10179815
10179837
10179838
10179844
10179901
10179989
10181011
10182961
10182995
10182996
10183358
10183359
10183360
10183361
10183364
10183876
10184374
10185331
10185332
10186038
10186122
10186130
10186132
10186135
10187727
10187760
10187788
10187814
10187815
10187822
10187824
10188485
10188486
10188512
10188526
10188585
10188606
10188737
10188738
10192339
10194884
10194948
10194956
10194984
10195081
10195169
10196745
10198238
10198273
10198286
10198313
10198325
10198329
10198353
10198354
10198397
10198510
10198546
10198547
10198549
10198550
10198561
10198562
10198569
10198570
10198695
10198714
10198770
10199331
10201741
10201742
10201765
10201997
10202000
10202324
10202336
10202337
10202338
10202604
10204648
10205173
10205177
10205183
10205246
10205404
10205489
10205579
10205993
10206164
10206166
10206192
10206217
10206254
10208678
10208680
10208842
10208850
10208864
10208873
10208903
10208904
10209394
10210960
10210967
10210968
10211039
10211041
10212214
10212247
10212271
10212446
10212447
10212506
10213870
10216031
10216842
10216854
10216858
10216859
10217142
10217154
10217155
10217157
10217206
10217233
10217234
10217235
10217250
10217251
10217338
10217340
10217689
10220156
10220244
10220245
10220320
10220841
10220845
10220855
10220858
10220894
10220899
10222337
10222652
10222653
10222654
10222709
10222860
10223702
10223991
10224048
10224223
10224487
10224514
10224538
10224621
10224643
10226505
10227140
10227281
10227753
10227755
10227756
10229584
10231212
10231225
10231231
10231233
10233695
10233782
10233807
10234236
10234246
10234250
10234262
10234264
10234265
10235342
10235374
10236568
10236571
10237094
10237179
10237202
10237218
10237219
10237220
10237328
10237350
10237361
10237383
10237624
10237942
10237944
10239539
10239576
10239577
10239579
10239580
10239592
10239596
10239607
10239737
10239739
10239740
10239751
10239809
10239826
10239912
10239913
10239923
10239924
10242530
10242531
10242534
10242603
10242631
10242640
10242691
10242698
10242777
10242908
10242915
10242925
10243166
10243167
10243168
10243169
10243172
10243173
10243185
10243216
10243217
10243218
10243220
10243638
10243834
10243848
10243859
10244878
10245485
10245486
10245508
10245565
10246050
10246298
10246331
10246351
10246385
10249008
10249037
10249322
10249374
10249380
10249624
10249625
10249626
10249627
10249628
10249629
10249714
10249740
10249757
10249758
10249759
10249786
10251707
10251708
10252127
10254193
10254194
10254195
10254303
10254338
10254396
10254398
10254665
10257097
10257722
10257752
10257772
10257807
10257854
10257855
10257862
10257863
10257864
10257873
10257893
10257901
10257945
10257946
10257972
10257976
10257977
10258462
10260080
10260082
10260100
10260320
10260327
10260328
10260343
10261191
10261915
10262101
10262121
10262122
10262529
10262756
10262763
10262775
10263205
10264111
10264116
10264124
10264125
10264506
10264512
10268288
10268289
10268319
10268327
10268341
10268342
10268500
10268501
10268502
10268503
10268507
10268508
10268514
10268516
10268533
10268537
10268555
10268556
10268608
10268869
10270518
10270650
10270935
10270945
10270946
10271014
10271015
10271023
10271024
10271029
10271036
10271051
10271341
10271881
10271889
10272733
10272739
10272740
10272777
10272778
10272981
10273010
10273041
10273101
10273119
10274176
10274517
10275138
10275139
10275141
10275165
10275169
10275299
10275316
10275340
10275347
10275354
10275367
10275385
10275406
10275530
10275543
10275545
10276757
10276758
10276980
10277377
10277400
10277405
10277406
10277410
10277804
10277892
10278228
10280341
10280820
10281370
10283427
10283660
10283661
10284068
10284069
10284070
10284072
10285466
10285494
10285687
10285693
10285695
10285707
10286540
10287172
10287187
10287194
10287225
10287227
10287236
10287394
10287400
10287401
10287402
10287403
10287410
10287411
10287727
10287756
10287766
10288212
10288789
10288790
10288808
10288809
10289290
10289291
10289293
10289294
10289295
10289296
10289297
10289298
10289318
10289319
10289330
10289338
10289351
10289352
10290507
10290521
10290522
10290528
10290602
10290788
10290820
10290822
10290834
10290835
10290991
10292340
10292719
10292803
10292804
10292822
10292972
10293023
10293664
10293711
10293712
10293721
10293818
10293819
10294158
10294324
10297205
10299416
10299425
10299443
10299448
10299534
10300062
10300074
10300081
10300088
10300102
10300149
10300664
10301679
10301680
10302044
10302066
10302067
10302092
10302102
10303924
10303925
10303958
10303976
10303977
10303978
10303980
10303984
10303986
10303990
10303991
10303992
10303996
10304035
10304188
10304193
10306037
10306152
10306163
10306214
10306693
10306745
10306752
10306785
10307003
10309218
10309219
10309270
10309271
10309272
10309317
10309325
10309641
10309645
10309659
10309662
10309670
10310498
10310526
10311395
10311601
10311602
10311631
10311633
10311635
10311637
10311656
10312075
10312077
10313689
10314274
10314276
10314286
10314353
10314368
10314479
10314483
10316342
10316343
10316353
10316359
10316376
10316422
10316597
10316635
10316683
10317230
10317860
10317861
10318129
10318136
10318139
10318151
10318152
10318153
10318158
10318173
10318195
10318212
10318424
10318425
10318426
10318603
10318609
10318610
10318683
10318684
10318757
10319213
10320173
10320208
10320504
10320529
10320547
10320754
10322171
10322177
10322185
10322599
10322600
10322603
10322621
10323536
10324211
10325128
10325135
10325772
10325804
10325926
10328257
10328258
10328600
10328622
10328629
10328667
10328671
10330240
10330276
10330300
10330706
10330707
10330724
10330753
10330761
10331223
10332042
10332043
10332044
10332050
10332057
10332060
10332063
10332078
10332093
10332094
10332099
10332100
10332145
10332548
10332552
10332554
10332560
10332889
10332891
10332903
10332905
10332910
10333980
10333981
10333994
10333995
10333999
10334001
10334125
10334127
10334226
10334569
10334570
10334579
10334580
10334582
10334914
10334937
10334941
10334972
10335038
10335060
10335075
10336259
10337403
10337640
10337641
10337642
10337649
10337664
10337665
10338408
10338420
10338478
10339806
10339807
10340694
10340699
10340713
10340732
10340743
10340747
10340750
10341648
10341673
10341677
10341689
10341748
10341769
10344245
10344737
10344744
10344790
10344916
10344920
10344922
10345207
10347656
10347690
10347710
10347887
10347908
10347967
10349439
10349441
10349444
10349450
10349894
10349895
10349896
10349897
10349970
10349971
10349975
10350253
10350258
10350260
10350266
10350271
10350275
10350277
10350304
10350424
10350444
10350488
10350803
10350804
10350805
10350859
10352689
10352693
10352705
10352757
10353065
10353073
10353074
10353474
10353491
10354645
10355010
10355026
10355042
10355043
10355055
10355056
10355100
10356462
10356970
10356971
10356975
10356977
10357188
10357199
10357201
10357277
10358324
10360105
10360281
10360284
10360291
10360774
10360825
10360827
10360838
10360844
10360845
10360955
10361605
10361901
10361902
10361903
10361904
10361905
10361916
10361918
10361922
10361931
10361932
10361940
10361948
10361949
10361950
10361957
10361958
10361977
10361978
10361982
10362358
10362383
10362451
10362726
10364008
10364011
10364839
10364847
10364866
10364867
10364904
10364905
10364906
10364913
10365733
10365763
10365764
10365765
10365893
10365895
10365897
10365904
10365931
10365932
10365933
10365934
10365935
10365936
10365955
10365956
10365957
10365958
10365961
10365962
10365963
10365984
10365985
10366009
10366028
10366711
10366863
10367189
10367206
10367207
10367445
10368607
10368732
10368892
10368899
10368984
10368988
10368993
10369390
10370788
10370790
10370830
10370891
10370892
10370894
10371324
10371520
10372289
10372535
10372544
10372597
10372624
10372976
10373001
10373132
10373134
10373237
10373319
10375302
10375490
10375510
10375512
10375925
10375927
10375929
10375941
10375991
10376145
10376155
10376191
10376220
10376240
10376290
10378389
10378390
10378392
10378411
10378422
10378423
10378553
10378608
10378946
10378967
10378968
10378969
10379447
10379545
10379546
10379599
10379615
10379792
10379796
10379800
10379802
10382170
10382175
10382186
10382187
10382188
10382428
10382431
10382455
10382456
10382457
10382470
10382829
10382866
10383942
10383944
10384281
10384283
10384341
10384431
10386023
10386346
10386592
10386630
10387115
10387119
10387285
10387377
10387419
10387431
10387432
10387433
10387445
10387490
10388130
10388854
10388870
10388900
10389064
10389065
10389070
10389072
10389074
10389084
10389086
10389103
10389104
10389852
10389854
10389857
10389886
10389941
10389983
10389998
10390035
10390967
10391211
10391233
10391235
10391237
10391287
10391288
10391336
10392627
10392631
10392632
10392869
10392872
10392875
10392945
10393367
10393370
10393379
10393381
10393668
10393847
10394100
10395427
10395438
10395466
10395488
10395811
10395874
10395884
10396022
10396060
10396061
10396062
10396075
10397862
10397883
10397907
10397960
10399092
10399155
10399163
10399185
10400711
10400780
10400781
10400807
10400809
10400831
10400970
10401099
10401152
10401257
10401834
10403747
10403757
10403762
10403780
10403785
10403949
10404335
10404347
10404397
10404398
10404401
10406361
10406363
10406365
10406535
10406536
10408301
10408303
10409209
10409236
10409276
10409322
10409323
10409324
10409325
10409326
10409327
10409328
10409334
10410406
10410412
10410425
10410449
10410454
10410456
10410556
10410560
10410563
10410569
10410588
10410589
10410714
10410723
10410726
10410730
10411028
10411137
10411263
10411286
10411315
10411343
10412656
10412680
10412681
10412702
10412703
10412704
10412705
10412716
10412965
10412966
10412967
10413023
10413024
10413025
10413036
10413037
10414131
10414667
10414668
10414669
10414670
10414676
10414679
10414729
10414730
10414745
10414842
10415073
10415082
10415097
10415101
10415719
10417065
10418515
10418518
10421374
10421384
10421389
10422625
10422646
10422754
10422917
10422918
10423037
10424566
10424764
10426334
10427102
10427209
10427210
10427211
10427306
10427319
10427518
10427828
10427858
10427859
10427860
10427865
10427866
10427892
10427909
10427910
10427920
10427989
10427994
10428018
10428023
10428025
10428047
10428171
10429164
10429444
10429523
10429637
10429649
10430550
10430603
10430620
10430622
10430805
10430837
10431073
10431096
10431127
10431578
10431579
10431580
10431581
10431610
10431646
10431699
10431701
10431752
10431876
10431889
10433814
10433815
10433838
10433839
10433945
10434448
10434672
10435177
10435441
10435443
10435605
10435606
10435609
10435624
10435694
10435836
10435844
10435865
10435866
10435867
10435868
10435869
10435876
10436030
10437069
10437070
10437184
10437692
10437695
10437723
10437761
10437765
10437955
10438075
10438077
10438078
10438123
10438124
10438464
10439694
10439755
10439866
10439975
10439977
10439978
10439980
10439993
10439994
10440282
10440338
10440758
10441403
10441411
10441447
10441448
10441845
10441849
10441851
10441948
10441977
10442291
10443276
10443294
10443297
10443518
10443519
10443549
10443573
10443579
10443769
10443938
10443939
10443951
10446275
10446278
10446375
10446376
10446383
10447282
10447286
10447293
10447332
10447361
10447364
10447371
10447376
10447554
10448944
10448983
10448985
10449449
10449477
10449531
10449557
10449650
10449652
10450407
10450696
10450699
10450803
10450804
10450840
10450841
10450942
10450954
10450997
10451765
10451767
10451769
10451798
10451847
10451849
10451852
10451876
10451967
10451982
10451997
10452014
10452131
10452133
10452139
10452141
10452143
10452157
10452159
10452161
10452256
10452257
10452265
10452291
10452292
10452412
10452414
10452422
10452435
10452438
10452440
10453462
10453464
10453466
10453552
10453912
10453917
10453919
10454026
10454028
10454102
10454339
10454844
10454860
10455173
10455174
10455192
10455201
10455203
10455211
10455216
10455221
10455731
10455732
10455740
10455741
10455781
10455905
10455907
10455909
10455913
10455994
10456048
10456868
10457554
10457886
10457909
10457911
10457912
10457913
10457917
10458043
10458178
10458191
10460032
10460034
10460036
10460058
10460170
10460200
10460282
10460283
10460284
10460285
10460401
10461670
10461772
10461782
10462627
10462629
10462707
10462712
10463489
10463491
10463937
10463941
10463951
10463962
10463982
10463983
10463984
10463991
10463992
10463993
10464042
10464043
10464044
10464104
10464180
10464184
10464186
10464190
10464192
10464252
10464315
10464370
10464457
10464458
10465879
10465881
10466328
10466330
10466332
10466466
10466478
10466783
10466811
10466812
10467569
10467697
10467763
10467764
10467767
10467770
10467773
10468157
10468160
10468162
10468165
10468169
10468313
10468317
10468322
10468566
10470408
10470456
10470458
10470459
10470469
10470476
10470518
10470592
10471056
10471072
10471091
10471092
10471163
10471164
10471165
10471167
10471170
10471172
10471173
10471175
10471179
10471182
10471186
10471198
10471199
10471200
10471203
10471205
10471206
10471207
10471210
10471214
10471216
10471220
10471221
10471222
10471234
10471288
10471478
10471502
10471611
10471718
10471776
10471777
10471929
10473254
10473260
10473264
10473269
10473271
10473324
10473325
10473371
10473373
10473378
10473487
10473518
10475505
10475506
10475776
10475778
10475780
10475819
10475830
10476064
10476129
10476130
10476318
10476319
10476399
10477026
10477027
10477028
10477029
10477030
10477124
10477125
10477354
10477642
10477651
10477655
10477663
10477667
10477675
10477677
10477679
10477689
10477691
10477899
10477904
10477980
10477984
10477992
10478004
10478008
10478010
10478019
10478021
10478118
10478121
10478124
10478172
10478173
10478321
10479563
10479568
10479598
10479599
10479600
10479601
10479664
10479665
10480016
10480017
10480018
10480146
10480150
10480152
10481810
10481826
10482078
10482079
10482083
10482101
10482102
10482103
10482104
10482503
10482505
10482507
10482509
10482519
10482540
10482541
10482706
10482710
10482943
10482969
10483131
10484034
10484595
10484597
10484710
10484919
10485030
10486198
10486491
10487159
10487163
10487164
10487165
10487171
10487172
10487245
10487247
10487249
10487314
10487316
10487479
10487621
10488707
10489016
10489031
10489105
10489109
10489111
10490505
10491478
10491479
10491480
10491481
10491497
10491498
10491872
10491875
10492942
10492971
10492973
10493097
10493098
10493161
10493192
10493237
10493252
10493260
10493261
10493279
10493362
10493553
10493557
10493558
10493581
10493622
10493624
10493627
10494966
10494977
10494983
10495381
10495513
10495514
10495560
10498096
10498150
10498172
10498174
10498618
10498619
10498647
10498671
10498672
10498677
10498706
10498822
10498826
10498832
10498836
10500149
10500217
10500702
10500704
10500845
10500865
10500866
10500867
10500869
10500870
10500871
10500872
10500873
10500875
10500876
10500877
10502754
10502755
10502759
10502760
10502761
10502763
10502836
10502838
10503139
10503164
10503187
10503199
10503230
10503275
10503291
10503775
10503777
10503947
10504378
10504381
10504384
10504386
10504393
10504394
10505043
10505061
10505091
10505188
10505202
10505219
10505243
10505259
10505269
10505890
10506315
10506520
10506569
10506578
10506586
10506661
10507073
10507074
10507717
10508122
10508124
10508128
10508132
10508723
10509125
10509132
10509503
10509504
10509505
10510202
10510203
10510212
10510733
10511110
10511171
10511191
10512131
10512408
10512601
10512608
10512837
10512846
10512873
10512882
10514755
10514770
10514785
10515873
10515876
10515877
10515878
10515879
10515881
10515883
10515884
10515885
10515887
10516271
10516292
10516530
10516554
10516586
10516617
10517248
10517710
10517719
10517723
10518247
10518580
10518590
10518722
10518723
10518724
10519975
10521147
10522927
10523050
10523103
10524994
10524998
10525883
10526209
10527466
10527467
10527468
10527470
10527533
10527776
10527787
10528214
10528994
10529047
10529049
10529056
10529594
10529716
10529723
10530127
10530784
10530879
10530940
10531342
10531393
10531546
10532291
10533057
10534711
10535018
10535019
10535140
10535162
10535173
10535599
10535625
10536017
10536682
10536683
10536758
10537115
10538349
10538485
10538957
10538961
10539045
10539047
10539048
10540141
10540150
10540391
10540392
10540854
10542924
10544174
10545069
10545721
10545732
10545741
10545750
10545781
10546577
10549180
10549181
10549868
10549869
10549870
10550736
10551326
10552097
10552167
10540144
70360128
70369905
70373382
70373417
70374318
70375327
70377537
70377663
70378364
70603073
70603234
70603311
70603444
70604067
70604074
70604214
70604410
70605348
70607028
70607875
70608050
70608057
70608547
70609730
70612257
70613321
70613524
70613545
70613713
70613881
70613888
70614140
70614259
70615379
70615743
70616359
70616604
70616758
70618179
70618949
70619593
70619635
70619992
70620832
70621707
70621742
70622862
70622869
70623485
70625118
70625970
70625977
70626691
70626726
70626754
70627972
70628749
70629470
70630590
70630975
70631052
70631717
70634251
70634692
70634846
70635749
70636351
70637450
70637562
70637569
70638304
70638486
70638514
70638584
70639228
70639697
70640229
70640495
70641076
70641097
70641447
70642336
70644079
70647733
70648839
70648944
70649406
70649665
70649679
70649693
70649742
71600294
71600875
71601512
71601680
71602198
71602408
71602926
71603087
71604015
71604024
71604106
71604122
71604129
71604153
71604172
71604223
71604242
71604258
71604277
71604520
71604555
71604556
71604557
71604558
71604717
71604816
71604828
71604858
71604903
71604937
71604953
71604978
71605098
71605114
71605118
71605161
71605165
71605195
71605221
71605231
71605241
71605331
71605336
71605393
71605493
71605706
71605720
71605914
71605976
71606142
71606274
71606284
71606405
71606457
71606458
71606523
71606748
71606749
71606750
71606753
71606754
71606755
71606756
71606758
71606759
71606767
71606769
71606770
71606771
71606772
71606773
71606790
71606922
71607265
71607279
71607281
71607496
71607508
71607549
71607578
71607581
71607616
71607653
71607654
71607742
94809571
10471162
10271018
10574978
10569392
10532455
10480168
10471196
10565788
10554197
10561414
10557338
10516279
10435638
10325153
10491486
10548465
10390959
10502762
10568738
10502758
10503269
10550773
10564868
10498840
10534712
10574542
10569596
10443230
10528993
10542541
10557820
10561444
10569594
10569595
10573713
10524069
10544709
10552479
10455775
10330743
10486021
10489029
10500874
10500147
10571551
10564865
10526163
10482700
10001449
10001491
10004374
10527780
10468318
10163371
10471177
10553044
10471218
10175446
10383809
10489117
10536684
10522900
10516547
10530919
10318180
10545054
10395458
10477131
10538960
10568024
10471073
10559690
10561182
10306776
10553403
10449478
10552095
10516541
10459936
10552096
10559692
10559691
10538032
10300082
10553866
10539049
10556623
10528233
10477990
10552098
10552099
10552597
10542539
10539050
10530929
10554196
10195196
10512744
10167627
10527633
10564866
10477988
10512680
10514877
10570833
10549867
10571552
10565689
10563255
10525767
10553501
10559694
10480162
10511100
10566535
10570831
10415076
10471413
10355057
10370877
10167565
10554206
10571130
10539597
10564380
10559695
10559693
10554218
10513313
10559687
10530903
10559428
10506409
10506421
10516452
10569598
10566549
10569210
10443587
10554486
10318217
10553504
10579592
10559426
10559433
10457558
10563367
10493547
10493562
10561446
10580618
10577915
10575398
10567605
10552650
10553038
10495383
10540853
10557018
10212352
10505253
10393383
10003688
71607267
10500705
10514853
10550770
10534358
10478190
10568736
10565787
10552305
10561429
10582638
10582960
10583815
10584537
10454861
10554219
10554217
10513311
71605359
10542467
10355030
10507072
10367205
10431985
10508125
10520781
10561420
10516479
10562881
10470594
10551328
10552613
10509129
10572920
10559543
10554497
10590972
10583823
10534706
10575749
10563373
10552596
10493278
10519980
71606752
10584171
10569023
10411233
10591658
10493292
10551327
10453473
10547458
10589189
10469718
10180234
10552664
10532479
10568737
10563062
10540143
10549182
10478104
10561430
10556363
10557478
10572122
10576052
10574101
10423925
10563498
10561443
10525188
10573711
10370875
10370893
10222728
10447372
10563254
10514389
10476321
10563374
10563375
10449020
10573714
10576066
10584497
10584487
10584476
10239862
10275345
10194888
10511015
10504379
10512400
10512402
10564867
10387286
10511202
10572799
10388895
10564859
10569180
10401141
10504380
10538962
10489119
10561422
10292806
10040322
10093328
10567801
10561421
10561413
10488594
10535156
10543943
10562886
10504383
10561447
10528126
10495498
10553405
10559424
10572295
10217111
10576067
10309803
10179700
10382860
10550775
10498156
10539130
10567666
10557821
10580126
10545296
10205337
10212363
10565322
10552244
10552480
10505103
10498191
10569213
10468315
10591656
10582640
10584335
10589368
10589369
10589370
10589371
10556621
10390956
10582215
10579590
10403935
10524068
10569212
10571125
10573717
10587153
10590973
10582953
10569599
10495867
10549324
10480148
10516468
10561445
10550768
10561448
10549322
10549325
10503175
10554498
10570740
10012341
10555788
10540851
10148912
10540140
10552662
10553503
10582055
